59080
-27
2862
1.5
195
-32
4514
2.3043478260869565
92
37
2940
0.1643835616438356
127
18
2695
0.5166666666666667
95
18
1148
11.142857142857142
139
-5
3243
1.2448979591836735
100
1
4779
1.6333333333333333
163
7
504
0.8787878787878788
60
-13
9306
0.7010309278350515
83
-6
1106
0.1
100
6
1988
0.044444444444444446
75
-28
1280
0.9347826086956522
53
-17
258
1.7096774193548387
56
-3
774
5.090909090909091
84
82
2923
7.4
36
10
9506
0.8356164383561644
98
-30
980
1.1159420289855073
109
-16
2898
0.6447368421052632
40
2
3069
0.04
94
7
1026
1.0217391304347827
134
24
2201
0.64
40
-87
120
0.4943820224719101
63
53
2356
0.4897959183673469
97
-24
936
1.7741935483870968
37
-10
441
0.7878787878787878
98
-26
2150
10.222222222222221
70
-39
3990
0.24
154
8
6840
1.4137931034482758
175
-5
140
1.1772151898734178
105
-24
441
5.6
55
-25
781
1.0888888888888888
135
-51
1125
2.054054054054054
86
29
3186
0.61
97
61
2688
1.7962962962962963
127
4
3478
2
95
29
5280
0.9873417721518988
157
7
5325
0.9191919191919192
98
64
2145
0.05747126436781609
114
34
3264
4.052631578947368
85
36
7332
20
96
39
5865
0.95
34
33
4740
0.9180327868852459
115
27
31
0.07692307692307693
48
-16
96
2
13
-44
3869
0.5180722891566265
58
21
4047
0.4864864864864865
94
-19
70
97
145
-44
936
4.5
132
8
1892
0.49206349206349204
167
1
756
0.021505376344086023
174
17
2277
0.8205128205128205
110
20
2401
0.5858585858585859
83
-4
2772
13.833333333333334
58
52
249
0.32142857142857145
138
37
6880
0.9878048780487805
139
25
132
0.5405405405405406
94
48
153
1.2318840579710144
153
25
3478
0.6486486486486487
76
-8
385
0.5308641975308642
57
0
2380
1.3409090909090908
84
-82
6216
1
132
7
55
0.6888888888888889
70
-86
276
12
159
-28
6762
1.1475409836065573
130
48
100
0.10843373493975904
36
42
1326
0.6447368421052632
55
-15
3285
0.08247422680412371
179
12
3984
1.5227272727272727
149
-32
4608
0.014492753623188406
29
-26
876
1.7714285714285714
172
8
5130
0.5529411764705883
44
-21
284
0.9166666666666666
121
-2
602
4.0625
72
43
5940
7.6
35
-74
108
11.6
43
-47
120
1.1538461538461537
79
-64
1116
3.375
83
-23
3584
0
131
46
1612
0.8351648351648352
38
78
6942
0.19117647058823528
74
-15
5490
0.16666666666666666
32
-27
6440
1.3125
87
-27
1647
2.5294117647058822
53
-10
6076
1.5833333333333333
97
20
210
0.18181818181818182
30
-64
1860
1.2407407407407407
44
-60
1749
1.5
100
38
86
1.6271186440677967
45
0
8918
3.9583333333333335
63
-51
1746
0.7682926829268293
92
-84
128
1.4
36
-36
504
0.6736842105263158
71
25
7743
2.4411764705882355
154
-56
1547
2.392857142857143
5
79
1008
0.4696969696969697
87
27
1568
1.4426229508196722
67
-11
2262
5.666666666666667
85
-56
2220
0.4166666666666667
108
-37
513
0.8823529411764706
86
13
1176
1.6491228070175439
93
14
952
5.066666666666666
99
8
2924
1.9777777777777779
99
12
1152
0.75
95
-21
1140
2.5
106
-84
1173
1.5
90
-15
2356
0.881578947368421
102
-32
1848
1.0340909090909092
81
29
1566
5
124
-11
5500
1.5333333333333334
102
75
1472
Infinity
56
-13
1736
0.640625
45
-66
420
3.066666666666667
46
-51
1920
0.4430379746835443
76
-21
216
5.777777777777778
44
-1
900
0.6
122
36
120
0.4166666666666667
136
-12
867
1.7647058823529411
83
7
1972
0.8615384615384616
165
10
3325
0.4
37
-20
2537
2.8333333333333335
133
30
714
0.38202247191011235
91
66
2346
0.4166666666666667
95
-63
3740
0.7849462365591398
25
11
2352
Infinity
79
-24
175
2.3870967741935485
40
6
4950
1.1590909090909092
57
-45
4080
0
65
4
658
0.40625
46
-30
3450
6.25
66
-52
3864
0.15789473684210525
146
21
336
0.15384615384615385
163
-8
3465
2.4516129032258065
48
-80
7216
2.8076923076923075
170
-24
2244
0.42857142857142855
119
-59
48
0.7956989247311828
120
64
432
0.7901234567901234
182
-11
4453
6.5
119
23
2160
3.7777777777777777
160
35
3375
0.5342465753424658
151
-5
1102
1.2151898734177216
99
1
320
1.5
99
2
1632
2.1
31
45
5520
1.0337078651685394
127
-20
3660
1.462962962962963
176
-3
5500
0.3076923076923077
66
0
594
0.4050632911392405
113
1
870
0.39285714285714285
144
24
26
3.107142857142857
110
-48
3026
0.7619047619047619
127
27
2624
1.8235294117647058
152
88
4187
9.333333333333334
148
-68
30
2.9285714285714284
85
-25
5063
1.540983606557377
53
-6
2291
12
51
-12
2891
0.6428571428571429
147
-20
5000
0.8494623655913979
56
-25
1204
2.6551724137931036
73
51
3096
2.7142857142857144
109
27
128
1.7619047619047619
66
-56
810
1.1645569620253164
35
-12
5141
2.0588235294117645
93
31
2967
3.6470588235294117
99
-33
616
1.4736842105263157
52
34
2937
2.5
152
-45
4453
1.3617021276595744
124
-22
1548
0.7878787878787878
134
-15
2442
1.72
87
-6
20
1.8846153846153846
118
-10
3256
1.5192307692307692
75
76
1943
1.1090909090909091
164
4
3575
1.5625
52
1
3198
67
78
-22
4675
23.5
39
-44
1740
0.1509433962264151
111
18
6745
0.5348837209302325
139
37
1876
7.5
66
1
6800
1.4918032786885247
82
35
288
1.5757575757575757
118
-7
3471
0.2247191011235955
152
-23
12
1.5245901639344261
109
40
6612
1.1538461538461537
168
-46
7912
1.4615384615384615
112
-42
7812
0.7017543859649122
107
-18
680
0.5903614457831325
52
-68
7820
0.7317073170731707
43
-9
3450
1.0238095238095237
80
32
3360
0.037037037037037035
114
-24
4838
0.06756756756756757
93
19
529
0.09523809523809523
66
-93
3264
0.3939393939393939
186
3
5248
3.2222222222222223
22
-47
208
1.532258064516129
73
38
6499
0.5151515151515151
72
28
3200
15.5
78
-82
594
0.1111111111111111
88
-27
4823
1.0833333333333333
124
-44
840
1.0508474576271187
88
26
6664
0.5970149253731343
134
-55
1794
4.357142857142857
54
-36
6248
0.4
113
-38
7280
0.6666666666666666
110
29
344
0.44
51
29
1584
0.6037735849056604
73
7
1612
0.26744186046511625
111
-3
2871
1.6388888888888888
166
22
5082
1.2456140350877194
100
-7
7125
1.2028985507246377
42
8
3388
0.4852941176470588
108
-24
6156
0.32558139534883723
32
29
243
2.96
155
0
2480
0.6111111111111112
100
70
5022
2.3714285714285714
85
48
6468
0.3516483516483517
134
16
87
0.43478260869565216
82
62
1050
1.0925925925925926
71
57
8
0.7916666666666666
127
-37
957
2.1
131
-2
4655
0.16363636363636364
128
-2
0
0.8235294117647058
74
-30
516
0.3
152
-48
3600
2.0526315789473686
131
65
5785
0.5348837209302325
64
-34
2838
0.07894736842105263
71
-48
3840
10.285714285714286
142
-68
1920
1
87
-26
1305
2.303030303030303
113
33
3567
0.9272727272727272
32
39
1479
1.2833333333333334
148
-31
4851
5.538461538461538
161
-48
3362
0.8918918918918919
84
-40
612
0.125
107
-9
1702
0.5180722891566265
108
50
408
1.0357142857142858
127
73
8352
10.5
76
-2
1840
0.8791208791208791
95
13
602
0.2894736842105263
105
-34
4230
0.851063829787234
77
-27
2967
62
63
66
396
1.1486486486486487
143
-6
8170
0.7777777777777778
101
48
1512
0.8
127
-72
3880
81
57
1
1508
65
149
1
3654
1.1636363636363636
144
87
7396
10.5
125
11
234
0.2682926829268293
98
7
8075
1.1587301587301588
80
26
6935
0.1568627450980392
24
-19
1530
0.5441176470588235
155
-17
2400
0.7472527472527473
106
77
1840
0.524390243902439
105
31
1196
0.4626865671641791
95
73
6624
4.666666666666667
118
21
3382
0.8631578947368421
140
-14
330
1.2244897959183674
93
72
72
17.5
139
-5
5056
0.7682926829268293
143
13
2464
1.0158730158730158
149
63
1660
1.3846153846153846
66
-9
1344
1.96
71
-64
4416
0.7352941176470589
30
-25
952
1.935483870967742
117
-19
246
0.6
101
-31
3750
3.235294117647059
106
37
1512
0.711340206185567
122
-38
84
0.16
36
11
559
1.2941176470588236
156
-57
138
1.0303030303030303
115
44
3080
0.6
69
40
4550
0.39285714285714285
163
2
910
4.9375
70
14
440
0.42857142857142855
21
-52
1155
0.7272727272727273
62
72
1674
2.588235294117647
72
-2
2813
0.5434782608695652
93
12
3234
0.68
95
5
2070
1.0657894736842106
96
-68
2479
0
141
-38
1624
1.6041666666666667
108
-3
915
2.13953488372093
105
61
5704
0.22448979591836735
73
3
1505
1.378787878787879
70
-19
1632
5.4
126
55
252
0.39080459770114945
110
-25
1975
4.545454545454546
61
-76
8624
0
102
-18
2856
0.8461538461538461
105
37
2460
0.675
4
-62
3190
1
82
-15
3686
13.714285714285714
80
62
4600
0.7307692307692307
97
-54
2800
0.6891891891891891
44
-2
1512
0.3225806451612903
126
31
6510
0.6923076923076923
53
64
2700
0.8333333333333334
193
17
3417
2.857142857142857
63
-84
5162
0.8936170212765957
129
24
198
1.1343283582089552
148
-10
1682
2.611111111111111
142
30
396
1.3114754098360655
101
-51
722
1.3620689655172413
59
-8
285
46
96
59
1178
4.181818181818182
83
-35
3864
0.2911392405063291
106
76
4800
3.739130434782609
138
-10
3948
1.24
161
48
4032
3.5294117647058822
142
-67
4650
0.6707317073170732
160
33
215
0.25
82
16
1682
1
46
-76
2277
1.6046511627906976
144
38
1734
5
145
-16
1001
0.020202020202020204
17
42
338
1.5813953488372092
136
11
150
3.9166666666666665
116
-2
2862
1.5714285714285714
149
49
6580
0.056818181818181816
77
15
506
0.875
94
64
2108
0.29213483146067415
128
-87
1900
3
90
-72
90
1.3548387096774193
125
-68
1602
1.1111111111111112
42
-10
2380
0.7671232876712328
59
32
17
1.0985915492957747
149
56
2622
1.0681818181818181
124
-72
1204
0.85
136
84
3960
1.0638297872340425
114
-51
2184
1.1666666666666667
50
41
119
2.787878787878788
9
-13
910
0.391304347826087
47
79
2100
0.6666666666666666
163
2
378
22.333333333333332
186
13
6545
1.6153846153846154
35
40
225
0.06741573033707865
97
31
3819
23.5
158
-58
3792
0.971830985915493
92
89
4636
15
111
14
88
0.5263157894736842
170
-44
188
0.7083333333333334
16
-22
84
0.6842105263157895
120
52
5236
1.3714285714285714
80
14
0
0.13559322033898305
94
65
2064
Infinity
106
-49
2592
0.057692307692307696
8
-72
612
1.3380281690140845
136
-46
2350
0.8064516129032258
104
32
308
2.2
59
-23
240
1.25
164
29
6786
0.5625
176
-44
82
1.864864864864865
103
32
168
1.05
60
8
795
0.2916666666666667
133
33
4214
12.6
108
-21
1820
0.7325581395348837
118
18
0
2.1555555555555554
76
-33
200
0.8235294117647058
65
29
3420
18
191
59
6942
1.0441176470588236
140
50
1440
0.803921568627451
171
1
1131
1.1904761904761905
135
75
3276
1.3125
50
38
574
0.23880597014925373
103
-16
5846
13
33
-24
770
3.25
19
16
3933
0.5641025641025641
94
38
5456
52
74
0
3960
1.5777777777777777
137
7
3534
0.04878048780487805
155
54
1746
0.4925373134328358
139
-48
990
0.2127659574468085
86
34
5568
1.0786516853932584
37
38
450
0.6774193548387096
96
40
3773
1.2207792207792207
182
48
2772
2.466666666666667
92
-14
360
1.5384615384615385
137
12
1624
0.08080808080808081
146
6
5141
0.11363636363636363
153
58
432
0.48484848484848486
141
15
486
0.12903225806451613
90
-85
2907
1.0379746835443038
40
17
4200
0.017241379310344827
149
-91
2340
4.111111111111111
69
-9
2604
1.542857142857143
25
2
504
13.333333333333334
71
-16
8272
1.2592592592592593
94
-82
1121
1.0476190476190477
57
6
3441
0.3448275862068966
69
-3
130
2.4285714285714284
90
13
1185
0.75
150
3
2250
0.5074626865671642
148
-76
3040
0.7857142857142857
169
-56
414
16.5
113
9
2528
0.3979591836734694
73
-44
1728
0.391304347826087
55
50
6873
0.9292929292929293
148
-21
6720
14.142857142857142
146
6
63
0.7671232876712328
112
1
3225
1.2222222222222223
117
77
952
2.3125
54
26
5712
0.375
67
7
7031
0.4473684210526316
110
38
7452
0.03296703296703297
94
-19
2944
0.17204301075268819
30
-33
5893
2.6923076923076925
104
3
2666
4.4
71
26
1320
1.8695652173913044
26
-13
1298
1.4090909090909092
96
-4
294
1.148936170212766
147
7
47
0.5081967213114754
143
34
4720
4.923076923076923
55
-75
3772
1.0795454545454546
110
38
6624
1.4545454545454546
79
-6
70
7.9
128
-20
1806
0.06060606060606061
178
24
4263
0.6888888888888889
82
-95
9114
0.30303030303030304
124
-19
1088
3.1
156
-2
868
2.64
83
-37
434
0.41333333333333333
85
-60
8091
0.14893617021276595
45
41
3100
1.8695652173913044
57
6
2573
0.5773195876288659
103
-36
3431
4.588235294117647
53
-35
2550
5.133333333333334
45
-27
4278
1.027027027027027
83
2
5810
1.0379746835443038
157
62
36
0.3548387096774194
59
41
1102
2.515151515151515
152
-40
1620
0.847457627118644
78
44
924
0.7142857142857143
112
72
588
1.0434782608695652
63
35
7125
0.1780821917808219
139
-49
1560
0.4
65
-45
7885
0.5747126436781609
82
13
1056
4.166666666666667
95
-1
651
6.666666666666667
137
25
2480
1.56
84
30
670
0.19318181818181818
99
33
3876
0.06818181818181818
49
7
3330
24.25
50
-24
2668
0.9032258064516129
72
53
7644
0.6455696202531646
159
1
858
4.090909090909091
145
-59
736
10.285714285714286
163
3
518
0.6612903225806451
157
-41
6468
0.6938775510204082
98
58
280
0.6329113924050633
41
-3
3036
4
82
8
0
0.37373737373737376
65
-3
1116
1.3793103448275863
120
0
0
3.03125
107
-24
574
0.9
157
56
948
0.8723404255319149
100
-39
165
1.1914893617021276
118
13
126
0.03278688524590164
168
90
3800
1.0533333333333332
148
-8
2624
0.6770833333333334
136
-15
697
3.3529411764705883
40
-55
1444
2.317073170731707
46
-49
931
0.6470588235294118
123
81
1512
0.9518072289156626
60
23
5915
18.666666666666668
72
-53
1944
0.5555555555555556
113
-14
2310
2.085714285714286
135
72
312
0.9682539682539683
164
15
6188
0.9080459770114943
80
12
146
2.5
144
10
2016
0.2222222222222222
62
14
2679
0.2535211267605634
73
-8
621
0.5285714285714286
161
64
1008
0.7346938775510204
100
-50
264
0.6428571428571429
69
38
1980
Infinity
136
-36
126
1.16
83
-8
2745
0.0625
168
30
3721
1.3636363636363635
49
39
3315
0.5526315789473685
103
-30
63
0.9148936170212766
159
76
105
0.5869565217391305
115
-22
2210
1.0816326530612246
159
-85
114
0.09090909090909091
123
-63
342
0.676056338028169
112
37
6200
12.75
97
49
154
0.15254237288135594
176
-28
988
0.05319148936170213
40
45
468
4
98
0
4012
1.0138888888888888
110
18
208
2.696969696969697
87
61
3388
0.6078431372549019
90
45
1407
2.1875
91
-2
1870
1.139240506329114
120
-28
5760
3.5
172
6
2170
3.7058823529411766
168
45
1170
6.363636363636363
131
40
3420
2.625
52
-35
184
2.8214285714285716
185
24
312
1.6764705882352942
16
-22
6840
2.1666666666666665
98
44
252
2.225
96
-41
4278
3.28
154
-32
2808
0.4426229508196721
109
-22
3180
0.21333333333333335
12
-47
1519
0.7058823529411765
168
43
5796
1.06
110
58
6408
1.816326530612245
126
-62
2088
1.9714285714285715
60
6
330
2
139
-8
1408
5.375
95
18
9100
1.9714285714285715
109
-42
1419
1.6341463414634145
16
-47
1325
1.2535211267605635
124
35
4554
2.8
59
-50
230
0.639344262295082
95
44
1316
1.8679245283018868
97
139
-27
2862
1.5
195
-32
4514
2.3043478260869565
92
37
2940
0.1643835616438356
127
18
2695
0.5166666666666667
95
18
1148
11.142857142857142
139
-5
3243
1.2448979591836735
100
1
4779
1.6333333333333333
163
7
504
0.8787878787878788
60
-13
9306
0.7010309278350515
83
-6
1106
0.1
100
6
1988
0.044444444444444446
75
-28
1280
0.9347826086956522
53
-17
258
1.7096774193548387
56
-3
774
5.090909090909091
84
82
2923
7.4
36
10
9506
0.8356164383561644
98
-30
980
1.1159420289855073
109
-16
2898
0.6447368421052632
40
2
3069
0.04
94
7
1026
1.0217391304347827
134
24
2201
0.64
40
-87
120
0.4943820224719101
63
53
2356
0.4897959183673469
97
-24
936
1.7741935483870968
37
-10
441
0.7878787878787878
98
-26
2150
10.222222222222221
70
-39
3990
0.24
154
8
6840
1.4137931034482758
175
-5
140
1.1772151898734178
105
-24
441
5.6
55
-25
781
1.0888888888888888
135
-51
1125
2.054054054054054
86
29
3186
0.61
97
61
2688
1.7962962962962963
127
4
3478
2
95
29
5280
0.9873417721518988
157
7
5325
0.9191919191919192
98
64
2145
0.05747126436781609
114
34
3264
4.052631578947368
85
36
7332
20
96
39
5865
0.95
34
33
4740
0.9180327868852459
115
27
31
0.07692307692307693
48
-16
96
2
13
-44
3869
0.5180722891566265
58
21
4047
0.4864864864864865
94
-19
70
97
145
-44
936
4.5
132
8
1892
0.49206349206349204
167
1
756
0.021505376344086023
174
17
2277
0.8205128205128205
110
20
2401
0.5858585858585859
83
-4
2772
13.833333333333334
58
52
249
0.32142857142857145
138
37
6880
0.9878048780487805
139
25
132
0.5405405405405406
94
48
153
1.2318840579710144
153
25
3478
0.6486486486486487
76
-8
385
0.5308641975308642
57
0
2380
1.3409090909090908
84
-82
6216
1
132
7
55
0.6888888888888889
70
-86
276
12
159
-28
6762
1.1475409836065573
130
48
100
0.10843373493975904
36
42
1326
0.6447368421052632
55
-15
3285
0.08247422680412371
179
12
3984
1.5227272727272727
149
-32
4608
0.014492753623188406
29
-26
876
1.7714285714285714
172
8
5130
0.5529411764705883
44
-21
284
0.9166666666666666
121
-2
602
4.0625
72
43
5940
7.6
35
-74
108
11.6
43
-47
120
1.1538461538461537
79
-64
1116
3.375
83
-23
3584
0
131
46
1612
0.8351648351648352
38
78
6942
0.19117647058823528
74
-15
5490
0.16666666666666666
32
-27
6440
1.3125
87
-27
1647
2.5294117647058822
53
-10
6076
1.5833333333333333
97
20
210
0.18181818181818182
30
-64
1860
1.2407407407407407
44
-60
1749
1.5
100
38
86
1.6271186440677967
45
0
8918
3.9583333333333335
63
-51
1746
0.7682926829268293
92
-84
128
1.4
36
-36
504
0.6736842105263158
71
25
7743
2.4411764705882355
154
-56
1547
2.392857142857143
5
79
1008
0.4696969696969697
87
27
1568
1.4426229508196722
67
-11
2262
5.666666666666667
85
-56
2220
0.4166666666666667
108
-37
513
0.8823529411764706
86
13
1176
1.6491228070175439
93
14
952
5.066666666666666
99
8
2924
1.9777777777777779
99
12
1152
0.75
95
-21
1140
2.5
106
-84
1173
1.5
90
-15
2356
0.881578947368421
102
-32
1848
1.0340909090909092
81
29
1566
5
124
-11
5500
1.5333333333333334
102
75
1472
Infinity
56
-13
1736
0.640625
45
-66
420
3.066666666666667
46
-51
1920
0.4430379746835443
76
-21
216
5.777777777777778
44
-1
900
0.6
122
36
120
0.4166666666666667
136
-12
867
1.7647058823529411
83
7
1972
0.8615384615384616
165
10
3325
0.4
37
-20
2537
2.8333333333333335
133
30
714
0.38202247191011235
91
66
2346
0.4166666666666667
95
-63
3740
0.7849462365591398
25
11
2352
Infinity
79
-24
175
2.3870967741935485
40
6
4950
1.1590909090909092
57
-45
4080
0
65
4
658
0.40625
46
-30
3450
6.25
66
-52
3864
0.15789473684210525
146
21
336
0.15384615384615385
163
-8
3465
2.4516129032258065
48
-80
7216
2.8076923076923075
170
-24
2244
0.42857142857142855
119
-59
48
0.7956989247311828
120
64
432
0.7901234567901234
182
-11
4453
6.5
119
23
2160
3.7777777777777777
160
35
3375
0.5342465753424658
151
-5
1102
1.2151898734177216
99
1
320
1.5
99
2
1632
2.1
31
45
5520
1.0337078651685394
127
-20
3660
1.462962962962963
176
-3
5500
0.3076923076923077
66
0
594
0.4050632911392405
113
1
870
0.39285714285714285
144
24
26
3.107142857142857
110
-48
3026
0.7619047619047619
127
27
2624
1.8235294117647058
152
88
4187
9.333333333333334
148
-68
30
2.9285714285714284
85
-25
5063
1.540983606557377
53
-6
2291
12
51
-12
2891
0.6428571428571429
147
-20
5000
0.8494623655913979
56
-25
1204
2.6551724137931036
73
51
3096
2.7142857142857144
109
27
128
1.7619047619047619
66
-56
810
1.1645569620253164
35
-12
5141
2.0588235294117645
93
31
2967
3.6470588235294117
99
-33
616
1.4736842105263157
52
34
2937
2.5
152
-45
4453
1.3617021276595744
124
-22
1548
0.7878787878787878
134
-15
2442
1.72
87
-6
20
1.8846153846153846
118
-10
3256
1.5192307692307692
75
76
1943
1.1090909090909091
164
4
3575
1.5625
52
1
3198
67
78
-22
4675
23.5
39
-44
1740
0.1509433962264151
111
18
6745
0.5348837209302325
139
37
1876
7.5
66
1
6800
1.4918032786885247
82
35
288
1.5757575757575757
118
-7
3471
0.2247191011235955
152
-23
12
1.5245901639344261
109
40
6612
1.1538461538461537
168
-46
7912
1.4615384615384615
112
-42
7812
0.7017543859649122
107
-18
680
0.5903614457831325
52
-68
7820
0.7317073170731707
43
-9
3450
1.0238095238095237
80
32
3360
0.037037037037037035
114
-24
4838
0.06756756756756757
93
19
529
0.09523809523809523
66
-93
3264
0.3939393939393939
186
3
5248
3.2222222222222223
22
-47
208
1.532258064516129
73
38
6499
0.5151515151515151
72
28
3200
15.5
78
-82
594
0.1111111111111111
88
-27
4823
1.0833333333333333
124
-44
840
1.0508474576271187
88
26
6664
0.5970149253731343
134
-55
1794
4.357142857142857
54
-36
6248
0.4
113
-38
7280
0.6666666666666666
110
29
344
0.44
51
29
1584
0.6037735849056604
73
7
1612
0.26744186046511625
111
-3
2871
1.6388888888888888
166
22
5082
1.2456140350877194
100
-7
7125
1.2028985507246377
42
8
3388
0.4852941176470588
108
-24
6156
0.32558139534883723
32
29
243
2.96
155
0
2480
0.6111111111111112
100
70
5022
2.3714285714285714
85
48
6468
0.3516483516483517
134
16
87
0.43478260869565216
82
62
1050
1.0925925925925926
71
57
8
0.7916666666666666
127
-37
957
2.1
131
-2
4655
0.16363636363636364
128
-2
0
0.8235294117647058
74
-30
516
0.3
152
-48
3600
2.0526315789473686
131
65
5785
0.5348837209302325
64
-34
2838
0.07894736842105263
71
-48
3840
10.285714285714286
142
-68
1920
1
87
-26
1305
2.303030303030303
113
33
3567
0.9272727272727272
32
39
1479
1.2833333333333334
148
-31
4851
5.538461538461538
161
-48
3362
0.8918918918918919
84
-40
612
0.125
107
-9
1702
0.5180722891566265
108
50
408
1.0357142857142858
127
73
8352
10.5
76
-2
1840
0.8791208791208791
95
13
602
0.2894736842105263
105
-34
4230
0.851063829787234
77
-27
2967
62
63
66
396
1.1486486486486487
143
-6
8170
0.7777777777777778
101
48
1512
0.8
127
-72
3880
81
57
1
1508
65
149
1
3654
1.1636363636363636
144
87
7396
10.5
125
11
234
0.2682926829268293
98
7
8075
1.1587301587301588
80
26
6935
0.1568627450980392
24
-19
1530
0.5441176470588235
155
-17
2400
0.7472527472527473
106
77
1840
0.524390243902439
105
31
1196
0.4626865671641791
95
73
6624
4.666666666666667
118
21
3382
0.8631578947368421
140
-14
330
1.2244897959183674
93
72
72
17.5
139
-5
5056
0.7682926829268293
143
13
2464
1.0158730158730158
149
63
1660
1.3846153846153846
66
-9
1344
1.96
71
-64
4416
0.7352941176470589
30
-25
952
1.935483870967742
117
-19
246
0.6
101
-31
3750
3.235294117647059
106
37
1512
0.711340206185567
122
-38
84
0.16
36
11
559
1.2941176470588236
156
-57
138
1.0303030303030303
115
44
3080
0.6
69
40
4550
0.39285714285714285
163
2
910
4.9375
70
14
440
0.42857142857142855
21
-52
1155
0.7272727272727273
62
72
1674
2.588235294117647
72
-2
2813
0.5434782608695652
93
12
3234
0.68
95
5
2070
1.0657894736842106
96
-68
2479
0
141
-38
1624
1.6041666666666667
108
-3
915
2.13953488372093
105
61
5704
0.22448979591836735
73
3
1505
1.378787878787879
70
-19
1632
5.4
126
55
252
0.39080459770114945
110
-25
1975
4.545454545454546
61
-76
8624
0
102
-18
2856
0.8461538461538461
105
37
2460
0.675
4
-62
3190
1
82
-15
3686
13.714285714285714
80
62
4600
0.7307692307692307
97
-54
2800
0.6891891891891891
44
-2
1512
0.3225806451612903
126
31
6510
0.6923076923076923
53
64
2700
0.8333333333333334
193
17
3417
2.857142857142857
63
-84
5162
0.8936170212765957
129
24
198
1.1343283582089552
148
-10
1682
2.611111111111111
142
30
396
1.3114754098360655
101
-51
722
1.3620689655172413
59
-8
285
46
96
59
1178
4.181818181818182
83
-35
3864
0.2911392405063291
106
76
4800
3.739130434782609
138
-10
3948
1.24
161
48
4032
3.5294117647058822
142
-67
4650
0.6707317073170732
160
33
215
0.25
82
16
1682
1
46
-76
2277
1.6046511627906976
144
38
1734
5
145
-16
1001
0.020202020202020204
17
42
338
1.5813953488372092
136
11
150
3.9166666666666665
116
-2
2862
1.5714285714285714
149
49
6580
0.056818181818181816
77
15
506
0.875
94
64
2108
0.29213483146067415
128
-87
1900
3
90
-72
90
1.3548387096774193
125
-68
1602
1.1111111111111112
42
-10
2380
0.7671232876712328
59
32
17
1.0985915492957747
149
56
2622
1.0681818181818181
124
-72
1204
0.85
136
84
3960
1.0638297872340425
114
-51
2184
1.1666666666666667
50
41
119
2.787878787878788
9
-13
910
0.391304347826087
47
79
2100
0.6666666666666666
163
2
378
22.333333333333332
186
13
6545
1.6153846153846154
35
40
225
0.06741573033707865
97
31
3819
23.5
158
-58
3792
0.971830985915493
92
89
4636
15
111
14
88
0.5263157894736842
170
-44
188
0.7083333333333334
16
-22
84
0.6842105263157895
120
52
5236
1.3714285714285714
80
14
0
0.13559322033898305
94
65
2064
Infinity
106
-49
2592
0.057692307692307696
8
-72
612
1.3380281690140845
136
-46
2350
0.8064516129032258
104
32
308
2.2
59
-23
240
1.25
164
29
6786
0.5625
176
-44
82
1.864864864864865
103
32
168
1.05
60
8
795
0.2916666666666667
133
33
4214
12.6
108
-21
1820
0.7325581395348837
118
18
0
2.1555555555555554
76
-33
200
0.8235294117647058
65
29
3420
18
191
59
6942
1.0441176470588236
140
50
1440
0.803921568627451
171
1
1131
1.1904761904761905
135
75
3276
1.3125
50
38
574
0.23880597014925373
103
-16
5846
13
33
-24
770
3.25
19
16
3933
0.5641025641025641
94
38
5456
52
74
0
3960
1.5777777777777777
137
7
3534
0.04878048780487805
155
54
1746
0.4925373134328358
139
-48
990
0.2127659574468085
86
34
5568
1.0786516853932584
37
38
450
0.6774193548387096
96
40
3773
1.2207792207792207
182
48
2772
2.466666666666667
92
-14
360
1.5384615384615385
137
12
1624
0.08080808080808081
146
6
5141
0.11363636363636363
153
58
432
0.48484848484848486
141
15
486
0.12903225806451613
90
-85
2907
1.0379746835443038
40
17
4200
0.017241379310344827
149
-91
2340
4.111111111111111
69
-9
2604
1.542857142857143
25
2
504
13.333333333333334
71
-16
8272
1.2592592592592593
94
-82
1121
1.0476190476190477
57
6
3441
0.3448275862068966
69
-3
130
2.4285714285714284
90
13
1185
0.75
150
3
2250
0.5074626865671642
148
-76
3040
0.7857142857142857
169
-56
414
16.5
113
9
2528
0.3979591836734694
73
-44
1728
0.391304347826087
55
50
6873
0.9292929292929293
148
-21
6720
14.142857142857142
146
6
63
0.7671232876712328
112
1
3225
1.2222222222222223
117
77
952
2.3125
54
26
5712
0.375
67
7
7031
0.4473684210526316
110
38
7452
0.03296703296703297
94
-19
2944
0.17204301075268819
30
-33
5893
2.6923076923076925
104
3
2666
4.4
71
26
1320
1.8695652173913044
26
-13
1298
1.4090909090909092
96
-4
294
1.148936170212766
147
7
47
0.5081967213114754
143
34
4720
4.923076923076923
55
-75
3772
1.0795454545454546
110
38
6624
1.4545454545454546
79
-6
70
7.9
128
-20
1806
0.06060606060606061
178
24
4263
0.6888888888888889
82
-95
9114
0.30303030303030304
124
-19
1088
3.1
156
-2
868
2.64
83
-37
434
0.41333333333333333
85
-60
8091
0.14893617021276595
45
41
3100
1.8695652173913044
57
6
2573
0.5773195876288659
103
-36
3431
4.588235294117647
53
-35
2550
5.133333333333334
45
-27
4278
1.027027027027027
83
2
5810
1.0379746835443038
157
62
36
0.3548387096774194
59
41
1102
2.515151515151515
152
-40
1620
0.847457627118644
78
44
924
0.7142857142857143
112
72
588
1.0434782608695652
63
35
7125
0.1780821917808219
139
-49
1560
0.4
65
-45
7885
0.5747126436781609
82
13
1056
4.166666666666667
95
-1
651
6.666666666666667
137
25
2480
1.56
84
30
670
0.19318181818181818
99
33
3876
0.06818181818181818
49
7
3330
24.25
50
-24
2668
0.9032258064516129
72
53
7644
0.6455696202531646
159
1
858
4.090909090909091
145
-59
736
10.285714285714286
163
3
518
0.6612903225806451
157
-41
6468
0.6938775510204082
98
58
280
0.6329113924050633
41
-3
3036
4
82
8
0
0.37373737373737376
65
-3
1116
1.3793103448275863
120
0
0
3.03125
107
-24
574
0.9
157
56
948
0.8723404255319149
100
-39
165
1.1914893617021276
118
13
126
0.03278688524590164
168
90
3800
1.0533333333333332
148
-8
2624
0.6770833333333334
136
-15
697
3.3529411764705883
40
-55
1444
2.317073170731707
46
-49
931
0.6470588235294118
123
81
1512
0.9518072289156626
60
23
5915
18.666666666666668
72
-53
1944
0.5555555555555556
113
-14
2310
2.085714285714286
135
72
312
0.9682539682539683
164
15
6188
0.9080459770114943
80
12
146
2.5
144
10
2016
0.2222222222222222
62
14
2679
0.2535211267605634
73
-8
621
0.5285714285714286
161
64
1008
0.7346938775510204
100
-50
264
0.6428571428571429
69
38
1980
Infinity
136
-36
126
1.16
83
-8
2745
0.0625
168
30
3721
1.3636363636363635
49
39
3315
0.5526315789473685
103
-30
63
0.9148936170212766
159
76
105
0.5869565217391305
115
-22
2210
1.0816326530612246
159
-85
114
0.09090909090909091
123
-63
342
0.676056338028169
112
37
6200
12.75
97
49
154
0.15254237288135594
176
-28
988
0.05319148936170213
40
45
468
4
98
0
4012
1.0138888888888888
110
18
208
2.696969696969697
87
61
3388
0.6078431372549019
90
45
1407
2.1875
91
-2
1870
1.139240506329114
120
-28
5760
3.5
172
6
2170
3.7058823529411766
168
45
1170
6.363636363636363
131
40
3420
2.625
52
-35
184
2.8214285714285716
185
24
312
1.6764705882352942
16
-22
6840
2.1666666666666665
98
44
252
2.225
96
-41
4278
3.28
154
-32
2808
0.4426229508196721
109
-22
3180
0.21333333333333335
12
-47
1519
0.7058823529411765
168
43
5796
1.06
110
58
6408
1.816326530612245
126
-62
2088
1.9714285714285715
60
6
330
2
139
-8
1408
5.375
95
18
9100
1.9714285714285715
109
-42
1419
1.6341463414634145
16
-47
1325
1.2535211267605635
124
35
4554
2.8
59
-50
230
0.639344262295082
95
44
1316
1.8679245283018868
1500082
